126 7582759
33 1429698
154 4646423
92 3049355
91 2502126
120 3855990
237 6607052
147 4762422
59 2022452
173 4676030
143 2856735
30 637480
5 146816
139 3372715
83 1736736
164 3344488
325 9036946
161 5050342
54 2309946
132 4258674
131 2628307
104 3139802
180 3102633
27 649835
152 3137005
201 4225642
224 6301040
99 4081077
196 8164198
146 6112293
145 8851101
96 3461167
119 4930580
118 4113678
164 10996883
70 3039989
254 13014397
69 2912470
24 1390606
68 6009614
157 7829783
67 2400283
199 10357305
88 3776522
23 1301071
173 9288310
129 6935350
128 12046402
85 3939873
274 15082301
63 3070709
104 7516260
165 6730518
123 4968914
102 7765106
41 1806082
161 5376562
80 3624178
139 5353101
79 3365044
59 2147618
78 7525130
155 6960936
77 3226024
134 6918228
20 1002682
151 6286458
38 1589942
112 8544025
130 5824416
129 5852300
110 7715706
73 2375528
127 8227354
361 14316467
197 8131706
36 1365192
71 2857663
53 5395516
105 4224284
122 4819608
35 2425531
69 3867598
18 753163
273 10471390
51 2758854
118 5547652
134 6285724
100 5207441
83 3120592
66 3350136
82 2981666
33 1440606
65 2340780
97 5833891
177 8168947
64 2644215
159 8057093
95 3517308
63 2470112
94 4330292
78 4439286
93 4455716
108 8137984
31 1476054
16 852345
76 3716205
106 3539177
181 9830583
60 3024690
179 9393635
89 3679026
133 5268010
103 4516456
44 3241429
102 5929196
58 2695762
101 7890495
29 1103896
43 1633467
57 3851778
85 3371359
113 5632674
197 8134272
42 1574439
181 9649992
97 3851944
69 2575182
55 2270813
82 4601387
68 4461024
122 6145199
54 2102912
94 3894345
107 4824108
40 1835396
146 7287155
66 2412225
92 3719453
118 4071064
183 5845552
39 1859939
246 9520002
103 3827398
77 3141712
115 6365185
89 3526429
76 3883376
101 5511201
88 5739260
163 6798776
200 8659443
25 897341
99 3433170
37 2094678
86 3245883
110 3886110
73 3906052
97 3392312
121 5690560
181 8632091
36 1341837
311 13859774
119 5078478
83 3348136
59 3333212
47 2431274
82 3548762
70 3075831
93 3659688
116 5131140
104 5198994
46 2108835
218 8630870
57 2537420
91 4227729
34 1103900
79 3791867
45 1525263
56 3657122
67 4420144
89 4446731
111 4406978
144 7130417
44 2964326
132 10506552
230 10760197
109 4956617
76 3878592
130 5159326
108 3720984
86 5882193
75 3185189
32 1276032
11 927850
53 3076340
74 3501006
116 3956839
84 3706998
21 1013543
73 2718825
104 6712012
114 4748287
93 4311463
72 3215173
82 3687092
51 1668012
102 4309588
71 3612184
81 3856668
101 5409361
131 6002986
30 2031090
80 5967961
320 22778200
159 77319347
89 3766269
69 2278241
128 4746794
98 5579332
39 1792957
117 4788441
10 612268
29 1210940
116 5272137
48 2434111
96 12536782
86 12348743
105 3395538
57 2645678
152 4926874
85 2172282
47 1156390
94 2532155
28 1295257
84 5309577
168 6285201
37 1422335
74 3196931
46 2487530
92 3107324
101 4435127
119 4256688
82 7090130
91 4797940
118 4210555
154 6398717
18 1224189
108 5075996
405 16613556
152 6007429
98 4449862
71 4061798
53 2038264
106 8862701
88 3499382
9 778504
70 3513321
61 2156540
122 6483654
52 2079120
104 4699149
69 2245508
112 5661191
60 3474955
77 2925531
94 3377274
17 902843
85 5302671
187 8380651
59 3505484
42 1976540
84 4780513
67 4204070
50 2406874
75 2599669
125 5457096
58 2554386
91 4591606
99 3985776
41 2356751
82 4475631
49 2906679
57 2766015
65 2697482
73 3154380
81 3801544
97 4146714
113 5014580
24 870815
48 2212330
80 5592464
168 7134359
303 11980974
135 5612560
87 6868020
71 2823626
55 2791633
8 1758565
39 1930462
86 4071538
1 205455
109 3500540
62 2980806
54 2141139
23 1129858
77 4234983
69 3831094
92 5158443
61 2859681
38 1234470
76 3238448
53 2291595
68 2858385
83 4316529
45 1335209
60 2474046
90 6422765
150 6546656
67 2757566
52 2966519
104 5063625
74 3631288
22 705136
81 2985480
44 1923054
66 5768744
110 4739975
51 1981171
102 2674067
58 4166101
87 3513711
36 1767544
123 4914605
72 3043632
79 6895176
50 2288916
93 5546096
57 2128966
64 3152139
71 6548823
78 2769214
92 3291865
14 774379
28 2179499
42 2156328
63 2904372
91 3802697
175 7831885
356 12913957
146 8863953
7 505228
76 2697698
62 1977031
48 2962796
41 2076871
96 5551615
34 1521421
75 3279599
68 2435545
27 1295472
95 6415990
54 1895795
81 3296263
47 2793529
20 1128085
67 2695792
40 1881955
60 2192580
80 3874674
140 4961247
33 3519630
86 3610509
66 2406784
46 1576462
112 4574237
13 960077
26 1082148
85 3127843
52 4887901
65 2876498
78 2931850
130 7792826
123 4648509
45 2035045
32 1090904
90 4065883
77 3047756
19 810115
51 2965058
115 5235553
38 2177815
57 2966043
76 3739948
95 4720840
44 1414836
25 1465031
88 6771493
50 2800990
94 2968327
75 3014392
31 2534059
106 5051517
62 2571665
37 2047323
68 5229942
74 3332828
43 1885797
80 3685925
49 1694035
55 2595400
61 3018228
67 5152025
73 3453345
12 735675
18 1141220
24 1371594
30 2247913
36 1627311
48 2413406
6 369003
78 2740454
120 5634551
228 10015357
293 14526328
143 6456896
101 4532091
77 6093637
59 3017296
53 3284638
47 2095232
41 6480887
35 1823364
82 3990571
76 3588173
29 1509461
64 9089611
99 4899150
23 705673
52 1921483
81 5352107
46 1999383
98 4586262
69 2618574
17 1027732
63 9620511
103 4548849
57 2478391
34 1636764
74 4195448
51 1966344
68 3062879
102 4710850
28 1270188
79 6377359
107 4450755
73 2619299
56 2469035
11 679631
11 894030
123 5491930
50 2497333
22 1099576
100 3916882
33 1284983
83 8795420
44 1726827
55 2145580
77 3228011
99 5209849
165 6867529
71 2443823
38 1921435
27 3483043
98 5646948
76 3705182
65 2543976
16 1120702
81 3422528
43 1813949
70 2511265
32 1443800
32 2161049
75 3853392
48 1817772
64 3634409
80 5115695
112 3488894
21 518885
149 6966634
90 3253058
58 3308420
42 1679869
79 2444426
63 3944157
26 1219434
47 4087839
68 42489838
94 29487613
52 2441966
31 1199338
57 2269320
57 2034710
109 5443125
36 1753194
67 2293354
41 1729144
41 1623150
77 4399327
46 3655432
82 4042280
51 2103223
10 486134
61 1839387
5 409608
66 2571986
71 11136770
20 8978496
25 1461899
96 3157564
30 1536476
35 1236812
40 1490362
50 1536255
60 3105216
75 3322512
105 3944556
160 8070408
330 14328643
249 10969964
144 7507148
104 3652484
79 3370544
64 1527496
54 2467264
49 2576737
44 2149400
39 1799527
93 3939329
34 769478
78 1656357
29 842414
68 5184249
24 1543444
24 1078389
58 2279635
53 2915965
53 1719474
19 656810
48 2264651
72 4170130
43 2767817
67 2095088
91 2739465
38 818367
81 1629546
57 2235916
14 2806086
33 1844504
52 2087500
71 3450678
85 2978106
47 1425174
28 1427353
61 2378468
61 2904885
42 1706191
89 3337653
56 1243892
70 1440776
84 2725576
23 3218129
51 2257037
121 4774265
88 3154346
60 1879184
9 701303
83 3990620
32 2827207
69 2771759
55 1809981
78 1567366
41 966151
18 893666
73 4277910
50 2759768
82 3089392
27 1079097
68 3328798
36 1032000
36 1796146
45 2389858
54 1999376
63 2675478
72 2834796
90 2168236
126 3542319
189 9480312
58 1933785
31 1405206
31 906396
22 847535
80 3620573
71 3241503
62 2493732
13 558235
44 1314967
44 1758829
75 1690765
35 935257
57 2982925
57 3619069
79 3676834
26 934114
92 3051783
61 1941688
39 2428627
39 2087624
52 2240988
52 2505431
65 2244059
78 2392953
17 457420
17 427336
69 1634701
173 12622242
86 2808918
60 1958598
47 2728032
34 1317347
34 1434757
64 2797912
51 1836021
21 708780
21 562306
38 793875
55 1190675
55 1746452
89 8598539
59 2536027
42 1432375
25 895074
63 2555402
63 2810642
46 1794785
67 3496814
88 2623696
29 1035815
92 2007628
4 204463
54 1205773
33 1256293
33 2562218
83 4913234
62 2737060
8 419238
8 400784
41 1444945
41 1806187
74 2312922
45 2423882
12 528029
12 578490
86 3784350
53 2094866
57 1729049
16 534952
61 1327963
65 1965842
20 1398907
73 4371243
24 1242510
24 1374074
28 1320021
32 1291713
32 1568388
36 1897441
40 1249944
48 2610685
52 2026649
60 2244084
76 3282889
92 2577690
124 2878742
180 9860770
332 11851064
291 9217534
171 6406153
119 6829926
95 3748799
79 2927019
67 2735390
59 2324222
51 3384146
47 1976411
43 1291121
39 835013
35 896939
35 1090280
31 2643845
78 5715255
27 1449739
27 1099675
66 2069350
23 1233575
62 1899526
58 3565856
54 1830360
19 1141498
19 1098680
81 2863950
46 1501021
46 1035936
42 860959
42 981268
15 581701
15 890940
38 2523088
61 3588507
80 2903598
34 1227852
34 1175731
53 2467635
53 1324752
72 3834702
30 1323278
30 991537
11 914138
11 751426
45 1895250
79 2451611
26 601954
26 821017
41 988764
41 1661059
56 4484757
86 3707204
131 5794691
37 1445078
37 3920373
22 1337577
63 3275241
48 2207588
48 1574697
74 1581282
33 814067
85 5038380
44 2636714
44 1540321
55 3321047
55 1907871
66 2212791
18 4306089
18 674430
29 2411235
7 752895
7 576824
146 4959000
80 1916127
58 1929177
47 4626525
36 1765379
36 1756728
65 2177634
25 1541910
54 2256707
83 3710981
43 2987153
43 2421995
61 2156538
79 2374248
14 468432
14 424860
93 2674440
57 8137129
39 1826029
39 1505089
64 2291564
46 5620397
21 897084
78 5682273
53 2710812
53 1326920
28 864283
67 4840234
35 1889727
35 2048519
42 2367191
42 1500119
49 1652092
56 1539230
63 3086986
70 2811200
84 3911083
98 3464884
133 2900376
182 8343266
66 2407030
31 1198845
24 864878
24 1259010
17 886937
90 2569907
76 3592671
69 3326955
62 2346897
10 567545
10 455128
48 1535078
41 918875
72 1667798
34 1008837
34 1475376
58 4913455
58 3010824
27 1098636
27 1077638
68 2873512
44 1211971
44 2183919
61 2664562
20 1077348
20 2198290
37 1577906
105 3263490
64 1530814
47 1357889
47 2790701
30 1904536
57 3065236
57 2777808
40 1894626
40 1455088
50 1615384
50 2383895
60 2513243
13 877378
13 1563995
23 1255360
33 1089728
43 1732659
63 1906611
113 2797427
116 7963310
76 3069407
56 1945480
46 1982136
36 963520
36 2189806
26 1624130
26 1194718
59 2427817
49 2623526
49 1478966
72 1851042
16 827168
16 452380
52 1262079
52 3474373
29 3246319
3 554849
3 279618
42 2759710
55 2610500
68 2386158
94 4604620
58 2290377
32 2082498
32 1562025
