126 15253829
33 3326761
154 4295580
92 2437026
91 4320175
120 2799482
237 9871240
147 3432320
59 1407041
173 21213221
143 4733222
30 10539891
5 5426679
139 31191549
83 13347012
164 12306199
325 10363292
161 14275181
54 1599150
132 11256414
131 3020979
104 3526853
180 29832873
27 8958601
152 5330066
201 18067498
224 14764346
99 2747970
196 13474301
146 3575969
145 11510847
96 3205528
119 10837640
118 3935940
164 4527124
70 10016399
254 13878234
69 2420013
24 983336
68 1687707
157 14383880
67 2409333
199 14998916
88 2031535
23 596992
173 12955191
129 4213391
128 9717491
85 2663821
274 14656246
63 2293335
104 4191916
165 11774526
123 2769368
102 2347028
41 4744984
161 6247949
80 9791240
139 3835138
79 2787563
59 2630714
78 9554865
155 8913984
77 6315260
134 5318904
20 8727561
151 6318734
38 1062294
112 9712740
130 3569588
129 6007274
110 12053305
73 8859284
127 24688594
361 12438953
197 15102237
36 1505165
71 2530478
53 2186443
105 11492643
122 3048196
35 878991
69 9113877
18 910743
273 13298002
51 2568514
118 4473850
134 2906495
100 10290267
83 7224402
66 9065393
82 2599323
33 1007148
65 1949818
97 14824257
177 12659877
64 2138223
159 4503428
95 10951189
63 1944102
94 3545362
78 9233766
93 2286565
108 2867950
31 10391611
16 881919
76 2475086
106 5188276
181 9626660
60 1473218
179 13002912
89 3298111
133 11299234
103 3615470
44 1105826
102 3512324
58 9476713
101 3748233
29 1236989
43 2846987
57 7792616
85 3025088
113 3397246
197 13364576
42 1893364
181 11430080
97 2938234
69 2212394
55 1493058
82 10295356
68 2461660
122 9821199
54 2627116
94 3352577
107 2315068
40 1058736
146 14136860
66 2305660
92 9489671
118 3678560
183 12529664
39 1596767
246 14447433
103 3468132
77 3418822
115 12157604
89 2780410
76 1876352
101 11722113
88 2435033
163 12299039
200 7682779
25 5399833
99 4942417
37 963142
86 2633253
110 12298339
73 2510916
97 2873968
121 11601966
181 4383870
36 1123542
311 22985784
119 4620412
83 2723538
59 1336535
47 8726211
82 3096953
70 3264295
93 10020766
116 3987335
104 2845582
46 1282893
218 13918267
57 2167099
91 9422236
34 1323117
79 2849597
45 1079145
56 2115574
67 9489969
89 3144305
111 5270288
144 11295209
44 1101544
132 10619976
230 12996867
109 4370430
76 2938568
130 6778355
108 6514854
86 2447717
75 9796475
32 1158131
11 539408
53 1997731
74 1701749
116 9751252
84 6588732
21 1440219
73 9112540
104 3344276
114 3252356
93 9902679
72 2646434
82 2617868
51 2674767
102 102599998
71 18575050
81 4101360
101 4226259
131 3694360
30 4747416
80 6326662
320 15103863
159 4634537
89 10756028
69 1907924
128 4360698
98 3269209
39 1555711
117 8487459
10 447584
29 853840
116 3189865
48 9424402
96 3161355
86 1992187
105 9104455
57 2678391
152 21459311
85 14313495
47 1235619
94 3540132
28 8583911
84 15998328
168 5387985
37 1826042
74 8614731
46 4807488
92 8820586
101 4379142
119 6920837
82 9265506
91 2668873
118 4605483
154 11319608
18 630264
108 2508543
405 25872317
152 4862642
98 9872797
71 2465541
53 1940919
106 12176524
88 3573743
9 606784
70 2467013
61 1337486
122 8819384
52 2086514
104 3698995
69 2567943
112 10129932
60 2163073
77 1866530
94 4091366
17 6656895
85 2917940
187 10387129
59 3895466
42 1841109
84 3016579
67 1940003
50 9126074
75 2630756
125 4587404
58 2317991
91 7939365
99 2925422
41 882748
82 18466632
49 8139235
57 1924448
65 2138376
73 1847084
81 2760244
97 8108472
113 3619186
24 688655
48 1504696
80 4327348
168 8944585
303 16224607
135 4766103
87 8997815
71 2904578
55 1355725
8 1006932
39 1525385
86 7331080
1 448921
109 3757733
62 2298212
54 2210870
23 1147733
77 6752492
69 2250195
92 2157103
61 2269029
38 7410120
76 3809491
53 1663091
68 3911882
83 9396293
45 1579247
60 1559683
90 1989008
150 11270600
67 2362403
52 1346995
104 5388401
74 8006632
22 948708
81 1965468
44 1062326
66 9281485
110 3586257
51 2979859
102 3548370
58 7009479
87 2849035
36 1055835
123 3857909
72 7647047
79 3265636
50 1674307
93 3971740
57 6868445
64 2424642
71 2171776
78 2826741
92 10581391
14 776767
28 969615
42 1023266
63 1826870
91 12347357
175 4218157
356 17092832
146 10661109
7 487881
76 2476597
62 1419029
48 3354842
41 4529726
96 4476602
34 1452651
75 2968876
68 7979748
27 1240123
95 2908355
54 1255849
81 3153379
47 7564237
20 769104
67 2534132
40 951695
60 3246352
80 3490706
140 9726119
33 831997
86 2188192
66 8202316
46 2169606
112 3486301
13 492054
26 860099
85 4176989
52 6753390
65 2554580
78 1735576
130 10582542
123 3699846
45 1178103
32 8752812
90 4190837
77 3298621
19 1316437
51 7637958
115 5475596
38 1470149
57 2430849
76 7651172
95 3679735
44 1423639
25 1267618
88 10992428
50 1818833
94 3458750
75 7792906
31 3886137
106 4112337
62 1409692
37 1436766
68 8471567
74 3968348
43 1186523
80 3860819
49 4906428
55 3157374
61 2260985
67 2796897
73 2579285
12 754540
18 5032971
24 2640430
30 1917959
36 1189364
48 3204023
6 279305
78 3297309
120 8685785
228 16647248
293 15246224
143 3589084
101 6997731
77 7188865
59 1465969
53 2526524
47 6068293
41 2571968
35 1242762
82 3517435
76 2015278
29 7025249
64 3890378
99 3578934
23 817549
52 2222005
81 10290857
46 1463331
98 2129109
69 8605153
17 1923450
63 2082387
103 4159968
57 9312670
34 1488915
74 2320323
51 2238381
68 9102262
102 3359109
28 953319
79 4539446
107 13859766
73 1870315
56 2272450
11 5682881
11 845815
123 4064973
50 1848430
22 915417
100 3936778
33 6058204
83 3514498
44 1239364
55 2432654
77 7001084
99 3834943
165 13175585
71 3030243
38 1402295
27 842881
98 10199145
76 5730767
65 1795199
16 1750119
81 7587559
43 2553106
70 2187379
32 951914
32 1156162
75 9881379
48 2024843
64 2055523
80 3907077
112 7110630
21 1079134
149 4478243
90 3264368
58 9520379
42 1631331
79 2090461
63 8656613
26 1644807
47 1961312
68 2973040
94 2053642
52 1683108
31 28213548
57 73713288
57 4273507
109 4870197
36 20059975
67 12670548
41 1281150
41 1070865
77 1722445
46 5279416
82 5023290
51 2396358
10 427928
61 1781000
5 201107
66 1835454
71 8722532
20 902819
25 1012636
96 2282309
30 1601866
35 977926
40 2110895
50 4102241
60 1730651
75 2913547
105 3711913
160 9358605
330 11812256
249 10262471
144 9894458
104 3412634
79 3770059
64 1414857
54 1509201
49 4264820
44 3156695
39 2004093
93 3336968
34 984744
78 9800401
29 995266
68 2058290
24 801953
24 650595
58 1348326
53 5472679
53 4292378
19 1091561
48 1516993
72 3191068
43 1046118
67 8787794
91 3209702
38 1495886
81 5456148
57 5075537
14 1105892
33 1269863
52 1526110
71 2792522
85 1891468
47 1366375
28 1265538
61 8121015
61 1998067
42 1048328
89 4096174
56 5290569
70 3991357
84 3502547
23 594904
51 1423840
121 10104003
88 2696642
60 1351117
9 392133
83 4000701
32 3513197
69 5243961
55 1939104
78 1733267
41 1140907
18 9658895
73 3392444
50 1220329
82 7211785
27 2198918
68 2808962
36 2921129
36 1166563
45 1929364
54 5580275
63 4626067
72 3139684
90 2501376
126 8303539
189 6701444
58 1253514
31 1105812
31 4822806
22 3664557
80 4857200
71 1857913
62 9290863
13 1107000
44 1430031
44 1940860
75 1939836
35 1005355
57 2237975
57 7312619
79 3394927
26 729426
92 10207445
61 2393797
39 1453288
39 1223539
52 1628546
52 1150305
65 7050626
78 5352061
17 626317
17 583329
69 1611586
173 11487554
86 2784193
60 1369670
47 1176002
34 2063828
34 3532998
64 6130237
51 2260617
21 914800
21 799475
38 3340734
55 2992469
55 3412225
89 3501913
59 1944851
42 1161363
25 1401913
63 8195000
63 2495635
46 1261097
67 4655165
88 4529021
29 4496336
92 3706321
4 163352
54 8981262
33 1505674
33 1140610
83 2796478
62 1870286
8 350446
8 952338
41 9472868
41 1505766
74 1904215
45 1085745
12 331711
12 340815
86 3528370
53 8734927
57 1865305
16 734467
61 1633082
65 8137583
20 729191
73 2987833
24 901504
24 2341288
28 720770
32 1043538
32 7666773
36 2741686
40 1461552
48 2803699
52 1116863
60 2489538
76 5170778
92 4236141
124 4238969
180 11595373
332 15719720
291 9145531
171 10042821
119 3500391
95 9798524
79 2563322
67 1541071
59 1943411
51 8945638
47 1726401
43 1493249
39 1238870
35 828153
35 6757732
31 5077768
78 2762466
27 846896
27 689193
66 7629766
23 2589025
62 1924762
58 2776326
54 1594522
19 698078
19 1005434
81 7818360
46 1846171
46 1610387
42 1187274
42 16902309
15 3396531
15 1115524
38 1988980
61 6661117
80 2489948
34 868761
34 769450
53 1711416
53 10074807
72 2579646
30 739704
30 865095
11 485510
11 5420228
45 5622932
79 3045069
26 675368
26 747003
41 1075483
41 1995292
56 8352926
86 2997496
131 8561337
37 7487525
37 1110327
22 628502
63 1359131
48 1335737
48 9848494
74 2499360
33 833816
85 3450281
44 1797686
44 7636561
55 1747562
55 1548637
66 1468444
18 1271888
18 635524
29 3834337
7 3989739
7 596086
146 5126256
80 10704462
58 1946370
47 1682319
36 885864
36 1402207
65 5842455
25 2459942
54 2423138
83 3161999
43 1864029
43 2691086
61 7084114
79 2594081
14 617047
14 613731
93 2942501
57 2143424
39 6291048
39 1601911
64 2108308
46 2110136
21 753970
78 3053413
53 4808427
53 3193561
28 951499
67 2851404
35 856712
35 1056998
42 9342752
42 1450557
49 1886363
56 1556901
63 3282172
70 7434467
84 2925557
98 2502918
133 11963273
182 5392497
66 10151669
31 2658306
24 672331
24 864271
17 906897
90 2264640
76 8025510
69 2369436
62 2250287
10 1501524
10 399755
48 2542727
41 4917492
72 4601962
34 1215040
34 845400
58 1280659
58 8731372
27 1036940
27 1334656
68 2755133
44 2731209
44 1573574
61 7257613
20 945059
20 748639
37 1515928
105 2938296
64 2202989
47 7981293
47 1679411
30 1176279
57 1844527
57 3369414
40 7411819
40 1969481
50 1671857
50 1370656
60 1828311
13 622317
13 6906085
23 1407904
33 1297615
43 4364903
63 1949485
113 7485880
116 4548119
76 2399155
56 1618356
46 1606472
36 7710256
36 1288137
26 876475
26 1939161
59 1507644
49 5085156
49 3499888
72 3936223
16 853228
16 663182
52 1196575
52 1574472
29 8469493
3 388377
3 278210
42 1787650
55 2090249
68 2600309
94 8515433
58 2528596
32 1280453
32 1187897
