53 162434380
156 3326535
149 2409749
220 1512877
142 6276975
395 2453874
118 2129090
372 2244395
99 1986804
97 2938706
75 3690250
120 4712047
16 1584202
477 2498642
57 1953345
35 1304600
70 2804646
179 3837352
57 1317345
59 3361234
87 2230968
32 2124900
31 2463583
210 4282299
47 1650021
104 3013427
65 4711660
74 2249653
90 2416436
91 5013766
64 1715315
74 1890944
74 1347623
66 959791
53 3755071
28 431686
60 2207579
34 1488271
24 1035768
64 1920344
28 4363325
29 742006
46 6490913
8 1568481
12 854997
40 3242399
53 2173747
65 475928
81 2580422
43 4489355
31 8721200
180 4996953
35 4079084
64 8162920
266 4720504
80 2655697
17 15317617
32 1972624
30 1353910
58 4330389
82 5063064
197 3343979
29 1994493
35 3252704
68 3416165
228 4607100
55 3895896
67 1451057
19 2748458
52 4060254
41 4630507
45 3050353
73 3734729
43 3870597
36 3073796
36 1780109
26 1481394
20 2148630
51 662777
34 2109703
28 1181143
1 1126105
29 1443591
19 2706431
3 990096
31 3112135
44 1098998
21 1086254
307 1219638
109 1823638
4 401967
41 4438817
31 3785238
22 882842
46 2227292
17 1836471
19 365573
46 2739822
20 2029556
21 3981631
25 3693684
6 1469971
45 3089389
47 2738905
45 3248448
158 2680068
48 2571770
6 1583208
35 2854003
15 3830023
43 1673043
27 3550111
36 3597420
35 1626247
26 2238792
89 4280773
5 3130905
37 2764624
1 2855644
16 1556242
4 3107456
25 1152529
111 3411735
49 2637043
28 2771770
37 2066903
39 2478124
14 422930
46 2049897
16 1803490
45 2574441
41 3481124
45 3024389
34 606892
10 3025948
55 1387424
23 1074318
16 1652815
45 3627089
28 628201
44 2909385
25 1589829
30 3578926
20 3655607
32 5088611
19 765745
33 3854394
23 2205916
31 2844586
21 2562197
36 1860904
26 5931394
46 6273367
6 4698025
116 2358515
44 2455032
20 1646969
18 3145455
20 2782278
28 1639032
28 2812019
19 4991063
13 3558999
30 7053523
32 2030936
12 3150329
35 1360687
9 1143647
23 1790907
46 3782582
15 919988
27 3760903
15 2159406
249 746135
10 1485122
27 2155437
21 617398
32 3130544
112 2233980
33 1039835
26 1407123
37 2409435
20 677348
29 2468814
24 1290970
35 863039
36 1753305
22 1788226
1 411682
175 2404212
7 1326003
9 1590055
32 1574746
28 1292157
11 420606
28 3752921
29 1455688
64 2507534
35 1986082
27 1599069
7 2399054
24 2824771
31 1728508
25 1996718
85 2681104
24 1779053
14 1965364
22 957857
64 1288462
32 975654
23 640688
28 957348
25 1914688
30 2327947
11 4220359
29 1675259
11 967120
33 1163162
23 2078548
29 547783
3 1744089
14 1057420
26 1079173
27 1468032
23 2351301
30 938747
147 3374878
22 1124093
25 770586
9 1172918
19 1257881
15 350484
34 2471063
33 3581457
5 1828853
7 1667688
22 1815307
25 449347
16 2295167
21 1746436
36 1741282
5 2398481
2 1529061
17 867273
23 3468871
52 1758927
25 1866046
140 1563038
8 1235160
28 3724143
26 2951326
47 2145088
13 1302722
41 783031
19 1193114
1 1908761
9 799052
33 1406250
34 1262177
8 1270948
2 1291262
32 3685682
19 1073061
2 2202138
1 1168925
13 710578
24 1000167
3 1565158
1 353074
23 1975476
19 3666529
4 1699702
16 2065690
24 1703698
3 460114
13 2139737
14 1210342
1 737869
3 979325
33 1896169
11 557633
17 2869689
16 1865227
24 1556006
5 1443107
32 1533222
22 362909
10 1588839
6 1279670
16 2213194
25 4101271
17 2438261
66 659934
49 1623869
32 1731499
11 1208580
4 1494682
1 1155644
10 2247570
1 1018773
6 2192915
5 2387774
3 1103395
21 1297301
5 2021761
56 684666
54 1335098
6 936055
1 865816
13 3295578
2 4337349
15 568040
58 1965565
17 1120261
1 755399
23 1526345
1 1427963
11 371618
11 2744475
3 1647996
22 2544310
21 2787754
1 1775179
1 404484
11 1577424
1 934328
1 720018
18 1156979
35 4431740
1 1134609
4 3396948
25 1426831
1 915114
24 1250965
24 1570365
1 391949
4 1573822
26 1824695
14 1322050
21 3075312
24 2647702
1 741761
18 1101960
24 1517105
1 972819
12 665828
20 1150475
1 3970622
11 1838177
25 2516593
28 1367192
26 970350
1 1281295
2 1932245
1 441987
10 1346732
1 1708219
18 1156964
22 1538499
17 4284638
19 492488
18 1948618
23 1136733
28 652244
24 921631
25 1495946
20 333926
7 1805168
18 3296001
22 1341160
12 1840414
30 1917768
24 476829
23 2061816
36 1139092
35 785504
9 956403
20 1917013
7 619029
27 1685200
6 2117656
24 1599387
16 2300917
26 1697226
24 432480
5 688908
27 1272047
43 1071308
46 756552
31 1606665
31 1253233
8 2284584
24 2752401
24 1460351
3 972450
18 1399931
13 1571917
5 417785
22 1444164
29 1288773
26 1217730
32 1412278
18 1733173
18 951716
11 2716913
13 1350584
21 939181
4 1393397
32 1271149
10 354837
26 1274971
18 1376744
14 2371188
8 3044052
66 2002599
6 567703
21 1743184
27 1378640
11 766791
21 1116216
47 1355937
13 418365
15 2090141
13 1478733
23 958326
2 2884474
15 2186573
8 498830
26 1558168
29 1240916
15 701753
22 675779
27 1034869
16 367850
14 1067811
20 3959673
16 2373755
16 1000732
20 1435254
20 593363
25 993688
25 1613067
40 1209288
18 757059
23 1098562
31 2193946
24 545785
22 2075408
13 2952291
8 974197
24 1323945
7 1600396
16 330914
14 1248472
18 929447
14 635820
11 1156163
29 3644392
18 1253497
14 2923391
18 1540389
8 848772
24 1275542
8 1668952
22 445223
10 1432966
19 1085020
10 1176521
24 1603290
16 1963220
12 1157039
14 2457154
12 1222007
22 1063459
12 1101282
10 959599
19 321822
32 625348
30 930179
3 886146
27 2187751
22 3674211
65 1062012
15 1122869
28 1647863
21 1151864
20 879620
5 1599187
24 415681
21 344329
75 1326434
22 1656594
1 1162153
31 1542392
11 4203546
9 1088850
16 1760541
21 1075630
67 626981
20 1140031
30 1283527
22 358612
24 4306866
34 2755064
20 1009994
16 1265872
15 1995391
39 488186
18 1137727
20 1162522
15 641034
24 1257072
20 1763975
25 560620
6 1470751
20 3422615
8 1177300
18 1012055
105 1771922
12 377696
18 648562
30 935491
15 625767
25 625047
212 1075874
10 577363
18 2258794
6 3527937
11 1284796
226 975353
6 1230863
18 387852
40 401442
17 1513998
22 1236835
18 879800
13 994364
65 345808
28 436905
26 1949772
21 1274347
22 1034137
24 1704252
29 2740855
13 513451
21 1506838
20 1029592
214 624196
21 919242
18 994057
22 325534
22 1095793
16 2140870
16 2293390
14 2360965
14 1309304
8 510285
31 1458753
8 1235780
15 756987
15 1131212
18 1073022
24 351476
9 635436
23 1401975
16 1180299
1 899708
8 1771151
23 720302
26 1721316
15 1500874
27 851730
17 1051164
18 1197615
27 336409
14 662686
30 965162
97 677793
25 900095
22 1989138
6 1320706
441 1190473
4 2113758
14 1341412
24 1035223
19 1537058
9 459548
19 439160
14 1239919
4 1461458
20 902928
21 1799037
13 607538
6 503877
23 1535937
20 2631681
26 1563336
16 1924540
21 1863804
15 487565
38 1055473
10 1019429
32 1091011
46 2983931
21 3207706
25 739662
20 1058529
31 1641893
14 1044463
9 784230
14 1169072
10 387659
19 759926
8 1136173
24 745357
99 1198599
12 1587410
28 379521
12 1260943
30 2633086
12 1586294
27 1476880
30 1478150
17 392563
11 360235
12 996105
7 663459
9 755352
25 1734719
21 960557
16 1313069
11 2665890
9 1539010
16 952771
12 1464179
1 554185
14 480881
19 1259489
19 1185939
24 873895
25 1123755
18 544068
8 611495
18 1592180
6 1510965
23 1564340
16 2064853
19 1727723
16 603373
17 892903
25 1044067
26 670307
20 689023
27 987577
28 386808
12 793480
14 4023840
15 2205198
32 1342935
12 1395518
30 546263
21 961295
20 1456323
15 845603
12 869129
22 1152535
14 399647
12 473416
22 1652624
12 1004327
12 1057213
10 1438742
19 830663
99 1262402
17 1992067
12 870984
15 1195765
18 1208820
19 378523
4 356051
25 1017644
8 1092551
20 1587534
17 3170357
14 1052640
5 963445
13 1477743
15 1297656
8 815791
12 1518622
6 448245
17 459684
17 825210
20 1080398
12 725221
13 1002390
22 1779741
17 486987
11 915770
23 2561767
20 1551563
29 1003479
19 1191077
17 573505
10 1036526
11 965822
28 667798
101 671730
16 999567
27 455179
16 1694170
3 2553691
20 1638225
16 1370951
9 1362969
15 563176
8 496564
17 1313607
21 823734
15 813405
24 1172699
12 420202
25 372369
21 1009704
2 886379
19 1186875
15 1348439
11 808658
20 875770
8 2376136
14 1445173
15 844785
8 1546929
21 418910
16 378987
9 671191
10 979539
12 737704
29 699474
23 360213
21 387290
12 1339332
18 3434873
23 1677767
24 1236847
21 1646978
19 495931
5 917372
25 1281684
18 829197
20 846316
12 1072569
13 406679
16 1039133
12 1600432
18 948644
12 863943
5 2306684
19 1144782
8 791738
22 1411667
18 929243
34 1296866
28 1398506
12 435306
11 420434
12 1335561
12 1958466
25 2772417
9 1528263
19 794356
7 730459
8 1813728
25 1401117
15 1400405
7 1568942
17 472641
7 615064
7 1195050
7 1669933
8 1706742
16 1808890
7 768835
11 1155791
7 2771199
13 3155319
7 1586027
18 1963959
7 1611849
6 1680071
19 2091867
6 2719741
6 1261015
7 1176400
6 1783444
17 570635
7 1107688
7 1121011
7 786691
14 1023013
6 1713816
6 622622
15 850037
8 4035246
7 1891623
23 6818069
1 3409228
6 1159703
10 1278493
14 1961010
16 1291581
18 1178034
15 1727119
6 454306
21 431828
6 1659525
1 1181652
20 1061818
6 3018288
1 1788065
5 1477380
7 1971650
3 1563714
6 2104475
8 2989501
6 1173649
13 736121
1 1084543
17 1919436
15 903223
18 878367
8 458249
21 532964
18 868943
8 1305962
5 785728
5 794415
12 574110
21 514132
9 913894
7 1191406
13 807793
29 1310453
19 2190084
20 688340
15 1157357
6 1267013
6 1044214
5 785062
5 1275830
10 509526
5 894738
6 4092807
11 1782796
16 1933136
8 2326434
19 657944
10 615681
10 1824127
10 1249167
3 1137844
3 896460
6 569370
13 659990
3 1250705
8 1117722
7 1289139
5 2371796
12 1545132
