24 48833
24 49939
17 56165
90 55416
76 50867
69 61686
62 63601
10 50978
10 54691
48 62726
41 51434
72 62824
34 76375
34 65455
58 83233
58 49525
27 51669
27 79150
68 86485
44 92010
44 76185
61 75943
20 65185
20 78355
37 63293
105 78685
64 53710
47 80794
47 77859
30 59411
57 53111
57 56764
40 50237
40 51429
50 49602
50 82209
60 60127
13 77860
13 54129
23 50452
33 74893
43 57149
63 56244
113 59468
116 57513
76 83587
56 74945
46 49975
36 55502
36 61461
26 54271
26 78737
59 74948
49 73177
49 55027
72 51706
16 56033
16 48942
52 95592
52 61398
29 52960
3 76262
3 58994
42 53379
55 79406
68 74974
94 48923
58 51868
32 54405
32 51166
