24 672331
24 864271
17 906897
90 2264640
76 8025510
69 2369436
62 2250287
10 1501524
10 399755
48 2542727
41 4917492
72 4601962
34 1215040
34 845400
58 1280659
58 8731372
27 1036940
27 1334656
68 2755133
44 2731209
44 1573574
61 7257613
20 945059
20 748639
37 1515928
105 2938296
64 2202989
47 7981293
47 1679411
30 1176279
57 1844527
57 3369414
40 7411819
40 1969481
50 1671857
50 1370656
60 1828311
13 622317
13 6906085
23 1407904
33 1297615
43 4364903
63 1949485
113 7485880
116 4548119
76 2399155
56 1618356
46 1606472
36 7710256
36 1288137
26 876475
26 1939161
59 1507644
49 5085156
49 3499888
72 3936223
16 853228
16 663182
52 1196575
52 1574472
29 8469493
3 388377
3 278210
42 1787650
55 2090249
68 2600309
94 8515433
58 2528596
32 1280453
32 1187897
