24 864878
24 1259010
17 886937
90 2569907
76 3592671
69 3326955
62 2346897
10 567545
10 455128
48 1535078
41 918875
72 1667798
34 1008837
34 1475376
58 4913455
58 3010824
27 1098636
27 1077638
68 2873512
44 1211971
44 2183919
61 2664562
20 1077348
20 2198290
37 1577906
105 3263490
64 1530814
47 1357889
47 2790701
30 1904536
57 3065236
57 2777808
40 1894626
40 1455088
50 1615384
50 2383895
60 2513243
13 877378
13 1563995
23 1255360
33 1089728
43 1732659
63 1906611
113 2797427
116 7963310
76 3069407
56 1945480
46 1982136
36 963520
36 2189806
26 1624130
26 1194718
59 2427817
49 2623526
49 1478966
72 1851042
16 827168
16 452380
52 1262079
52 3474373
29 3246319
3 554849
3 279618
42 2759710
55 2610500
68 2386158
94 4604620
58 2290377
32 2082498
32 1562025
