126 86036
33 106924
154 56563
92 64510
91 79928
120 57945
237 51767
147 52599
59 61030
173 80099
143 53740
30 50295
5 75710
139 120306
83 79105
164 81315
325 75406
161 82144
54 68529
132 52318
131 73598
104 86474
180 51250
27 62559
152 57609
201 51888
224 51293
99 49865
196 51661
146 52223
145 51221
96 75649
119 79585
118 75840
164 61795
70 63585
254 56666
69 52616
24 67034
68 54894
157 51920
67 62519
199 84042
88 49850
23 71516
173 66147
129 83579
128 55964
85 51378
274 127209
63 51000
104 71564
165 63470
123 54039
102 50765
41 51252
161 81892
80 81332
139 50364
79 61085
59 53200
78 49751
155 49975
77 50490
134 55991
20 50182
151 57563
38 50786
112 55615
130 58106
129 78932
110 65918
73 52202
127 53053
361 55344
197 54672
36 64190
71 79177
53 80368
105 55113
122 78753
35 56068
69 51177
18 54695
273 51888
51 63749
118 54562
134 50882
100 54949
83 52600
66 55028
82 55496
33 56254
65 76382
97 81172
177 59830
64 50291
159 69430
95 73850
63 57008
94 51274
78 59660
93 49663
108 49733
31 51649
16 78491
76 99834
106 49003
181 50658
60 49262
179 60025
89 50030
133 57029
103 65835
44 75041
102 131586
58 61934
101 80296
29 68563
43 62059
57 50773
85 57419
113 58612
197 56287
42 55604
181 56491
97 49486
69 49912
55 52592
82 79447
68 55684
122 54680
54 52486
94 50341
107 55448
40 74719
146 79870
66 53474
92 80258
118 68144
183 50598
39 153843
246 55630
103 56742
77 50568
115 55532
89 60668
76 74268
101 59114
88 51978
163 64569
200 63817
25 53767
99 50821
37 53192
86 59124
110 55526
73 48849
97 82454
121 82672
181 53957
36 50598
311 51344
119 49950
83 64549
59 50635
47 53193
82 50437
70 49838
93 50265
116 50702
104 54411
46 61383
218 73502
57 54529
91 50068
34 55172
79 52738
45 65048
56 49249
67 50316
89 50554
111 52827
144 56577
44 49801
132 48583
230 62100
109 49731
76 54603
130 52671
108 62426
86 73145
75 68312
32 66417
11 82639
53 53399
74 50807
116 51305
84 56191
21 64064
73 50024
104 49918
114 73635
93 54695
72 73738
82 61383
51 61074
102 70498
71 52898
81 78627
101 52004
131 50544
30 68680
80 86836
320 76779
159 63444
89 63319
69 65949
128 63749
98 60035
39 65553
117 81440
10 53330
29 51651
116 89423
48 63399
96 50726
86 50652
105 50801
57 52311
152 57920
85 56829
47 75558
94 111778
28 80119
84 77791
168 67448
37 50031
74 64295
46 70212
92 62112
101 74377
119 80304
82 55293
91 69905
118 76810
154 54971
18 56120
108 56402
405 50154
152 76431
98 64106
71 72595
53 63934
106 70588
88 69777
9 79600
70 52734
61 51004
122 50118
52 50499
104 51757
69 54989
112 75709
60 50955
77 51337
94 65061
17 53975
85 56521
187 64121
59 53420
42 51052
84 51261
67 54353
50 56860
75 52902
125 55286
58 50125
91 50850
99 50969
41 47785
82 66380
49 68624
57 70081
65 80132
73 50179
81 51791
97 56353
113 56359
24 55932
48 64747
80 83822
168 51061
303 50734
135 74666
87 70255
71 65432
55 52021
8 50264
39 50189
86 75120
1 79427
109 76967
62 54726
54 54150
23 51820
77 76226
69 56214
92 53568
61 79114
38 78889
76 67938
53 59434
68 90748
83 62071
45 155387
60 50416
90 55576
150 62906
67 51689
52 53247
104 50442
74 54252
22 62454
81 54336
44 73229
66 61750
110 80578
51 61773
102 55332
58 55540
87 77029
36 56089
123 51607
72 78502
79 57469
50 54950
93 51639
57 74582
64 49440
71 71930
78 84518
92 51516
14 51279
28 64215
42 58703
63 52216
91 50658
175 55922
356 85659
146 63049
7 75055
76 59956
62 49331
48 50509
41 73559
96 66049
34 65309
75 79485
68 58411
27 61748
95 81406
54 60721
81 60270
47 66836
20 52698
67 53870
40 80813
60 55954
80 57168
140 78967
33 97044
86 125382
66 106305
46 110780
112 52974
13 51251
26 52334
85 61828
52 68933
65 60515
78 53888
130 65698
123 161173
45 57192
32 55581
90 64464
77 63980
19 54972
51 52649
115 62191
38 78249
57 75829
76 74216
95 76950
44 61627
25 72114
88 52149
50 51123
94 51666
75 64897
31 66893
106 57648
62 92953
37 53750
68 80849
74 61787
43 56621
80 53958
49 60606
55 68550
61 141467
67 78757
73 278715
12 195862
18 209159
24 62521
30 219885
36 150619
48 324808
6 135918
78 62304
120 145603
228 68895
293 128097
143 127009
101 65688
77 58738
59 50907
53 69461
47 50981
41 63956
35 51470
82 64816
76 50995
29 77870
64 65899
99 80032
23 60260
52 51662
81 53818
46 76995
98 69974
69 143900
17 79138
63 59317
103 186236
57 66701
34 70802
74 119752
51 68897
68 255931
102 59775
28 172090
79 203410
107 73959
73 203448
56 75185
11 108789
11 82235
123 187964
50 61967
22 200715
100 143199
33 128764
83 305000
44 197377
55 166865
77 201821
99 200443
165 135555
71 56742
38 76975
27 57557
98 94639
76 50234
65 51665
16 54111
81 70296
43 73646
70 59356
32 161787
32 117637
75 139472
48 72370
64 136483
80 73258
112 179481
21 98253
149 191923
90 125045
58 61372
42 56631
79 83686
63 70285
26 96239
47 51004
68 51272
94 56142
52 60805
31 49887
57 60522
57 64992
109 50753
36 51583
67 57238
41 56797
41 58796
77 49671
46 52037
82 67846
51 59547
10 56789
61 91532
5 78353
66 67765
71 186839
20 220383
25 222616
96 62529
30 118984
35 138255
40 197968
50 147796
60 216366
75 304084
105 191498
160 139348
330 327787
249 59919
144 55102
104 52673
79 69446
64 50474
54 55143
49 214329
44 60375
39 185655
93 68781
34 113463
78 83425
29 176720
68 129924
24 269517
24 134870
58 111349
53 115483
53 66953
19 113833
48 124037
72 100907
43 134881
67 56030
91 55895
38 56801
81 114288
57 50487
14 59762
33 51423
52 51561
71 50903
85 50523
47 56136
28 78296
61 50994
61 50772
42 50635
89 65427
56 51815
70 79438
84 65603
23 96801
51 63202
121 49792
88 51348
60 48938
9 49677
83 53144
32 55212
69 50831
55 50592
78 50980
41 74794
18 53005
73 91935
50 50984
82 56855
27 73305
68 70693
36 51562
36 50148
45 49826
54 50186
63 61222
72 50350
90 66989
126 65170
189 74619
58 76570
31 57106
31 52217
22 63639
80 54249
71 54743
62 100606
13 52040
44 89160
44 50472
75 49588
35 49220
57 51664
57 52125
79 74161
26 62934
92 56896
61 79151
39 52554
39 64769
52 85234
52 82170
65 85436
78 60938
17 75942
17 67503
69 55461
173 51291
86 68532
60 53568
47 51215
34 52212
34 51014
64 52470
51 52705
21 52894
21 55997
38 50769
55 74374
55 91770
89 76026
59 72523
42 48814
25 48464
63 50548
63 51604
46 50039
67 54437
88 51145
29 62880
92 70089
4 64531
54 49937
33 48810
33 50853
83 76221
62 75606
8 56053
8 50602
41 50608
41 50668
74 49570
45 79881
12 75602
12 74326
86 69795
53 72781
57 70166
16 59802
61 49542
65 51105
20 56252
73 83028
24 76308
24 66034
28 80199
32 57808
32 50382
36 58135
40 66888
48 55429
52 57474
60 52339
76 50395
92 51162
124 54167
180 52137
332 50996
291 78951
171 80279
119 61781
95 78385
79 62238
67 48417
59 68113
51 61247
47 51461
43 60670
39 53828
35 57211
35 55191
31 49950
78 52003
27 62988
27 48629
66 50548
23 51778
62 68436
58 89736
54 56803
19 49398
19 49160
81 50224
46 50024
46 65249
42 79485
42 78186
15 54239
15 49729
38 92818
61 76886
80 87189
34 51276
34 66644
53 47788
53 52413
72 54290
30 56234
30 64986
11 54111
11 87622
45 84277
79 50833
26 52239
26 50802
41 51544
41 51684
56 55801
86 74546
131 75935
37 49508
37 51067
22 54372
63 80119
48 62033
48 49429
74 50539
33 82604
85 49357
44 61765
44 51200
55 49330
55 49455
66 50095
18 50411
18 49827
29 49607
7 53591
7 63513
146 50978
80 66321
58 51083
47 49754
36 58266
36 51319
65 48101
25 49860
54 48360
83 50484
43 78676
43 71365
61 80072
79 55800
14 51475
14 65259
93 49062
57 87375
39 76645
39 75494
64 60831
46 75072
21 61698
78 52031
53 59792
53 89934
28 61903
67 53577
35 59091
35 51046
42 49953
42 71021
49 58338
56 53947
63 51364
70 50819
84 50769
98 51234
133 50179
182 71801
66 53936
31 65225
24 48833
24 49939
17 56165
90 55416
76 50867
69 61686
62 63601
10 50978
10 54691
48 62726
41 51434
72 62824
34 76375
34 65455
58 83233
58 49525
27 51669
27 79150
68 86485
44 92010
44 76185
61 75943
20 65185
20 78355
37 63293
105 78685
64 53710
47 80794
47 77859
30 59411
57 53111
57 56764
40 50237
40 51429
50 49602
50 82209
60 60127
13 77860
13 54129
23 50452
33 74893
43 57149
63 56244
113 59468
116 57513
76 83587
56 74945
46 49975
36 55502
36 61461
26 54271
26 78737
59 74948
49 73177
49 55027
72 51706
16 56033
16 48942
52 95592
52 61398
29 52960
3 76262
3 58994
42 53379
55 79406
68 74974
94 48923
58 51868
32 54405
32 51166
