126 340495900
33 63921500
154 352195600
92 163736000
91 172105000
120 238788300
237 315248700
147 242428500
59 93167200
173 244292900
143 228544200
30 46943400
5 10793400
139 198424700
83 124562200
164 259208900
325 431684300
161 267880000
54 81773800
132 220598400
131 198208800
104 185207500
180 431473200
27 79503200
152 427308900
201 461574700
224 529785000
99 175984000
196 296563800
146 256478000
145 250969200
96 184448100
119 173335400
118 230502200
164 322229500
70 132458800
254 561186600
69 159228300
24 73227600
68 185117300
157 394713900
67 156657600
199 436241700
88 218857500
23 67943100
173 368522200
129 331533000
128 271411300
85 234656300
274 595404900
63 147857700
104 217312600
165 370646400
123 248044600
102 243472300
41 91269500
161 343737200
80 236870800
139 291346100
79 173139100
59 90228600
78 121622100
155 240084300
77 110278600
134 207161400
20 33971400
151 230737500
38 60698000
112 208251600
130 177447000
129 209132100
110 152567100
73 100664500
127 217653300
361 803534000
197 493568300
36 86478500
71 173098200
53 180396000
105 246950800
122 323778300
35 88812400
69 167054900
18 42524500
